Graph Adjacency Matrix (5 vertices):
0 3 74 26 12 
3 0 68 30 55 
74 68 0 25 31 
26 30 25 0 90 
12 55 31 90 0 

Brute Force Tour (Cost: 101):
0 1 3 2 4 

Approximation TSP Tour (Cost: 101):
0 1 3 2 4 

Simulated Annealing Tour (Cost: 101):
1 0 4 2 3 

Graph Adjacency Matrix (7 vertices):
0 56 99 39 77 76 14 
56 0 3 76 58 62 81 
99 3 0 99 61 21 61 
39 76 99 0 31 16 49 
77 58 61 31 0 91 20 
76 62 21 16 91 0 87 
14 81 61 49 20 87 0 

Brute Force Tour (Cost: 161):
0 1 2 5 3 4 6 

Approximation TSP Tour (Cost: 161):
0 6 4 3 5 2 1 

Simulated Annealing Tour (Cost: 161):
3 4 6 0 1 2 5 

Graph Adjacency Matrix (9 vertices):
0 38 52 89 65 78 79 59 39 
38 0 9 26 50 60 97 20 90 
52 9 0 84 63 20 99 73 11 
89 26 84 0 43 75 61 66 68 
65 50 63 43 0 27 65 1 51 
78 60 20 75 27 0 37 70 27 
79 97 99 61 65 37 0 90 18 
59 20 73 66 1 70 90 0 84 
39 90 11 68 51 27 18 84 0 

Brute Force Tour (Cost: 252):
0 7 4 3 1 2 5 6 8 

Approximation TSP Tour (Cost: 305):
0 1 2 5 8 6 3 7 4 

Simulated Annealing Tour (Cost: 280):
5 8 6 3 1 2 0 7 4 

Graph Adjacency Matrix (11 vertices):
0 65 21 26 18 20 86 17 71 30 51 
65 0 27 51 51 24 51 78 44 24 92 
21 27 0 50 21 76 73 55 39 5 51 
26 51 50 0 28 43 9 72 12 51 66 
18 51 21 28 0 93 72 53 83 83 57 
20 24 76 43 93 0 6 87 25 16 17 
86 51 73 9 72 6 0 39 97 76 16 
17 78 55 72 53 87 39 0 75 19 23 
71 44 39 12 83 25 97 75 0 29 76 
30 24 5 51 83 16 76 19 29 0 54 
51 92 51 66 57 17 16 23 76 54 0 

Brute Force Tour (Cost: 194):
0 4 2 9 1 5 8 3 6 10 7 

Approximation TSP Tour (Cost: 371):
0 4 7 9 1 2 5 6 3 8 10 

Simulated Annealing Tour (Cost: 214):
2 4 0 5 8 3 6 10 7 9 1 

Graph Adjacency Matrix (4 vertices):
0 1 1 1000000 
1 0 1000000 1 
1 1000000 0 1000000 
1000000 1 1000000 0 

Brute Force Tour (Cost: -1):
50463490 50463490 50463490 50463490 

Approximation TSP Tour (Cost: -1):
0 1 3 2 

Simulated Annealing Tour (Cost: -1):
0 1 3 2 

